((("export" .
   [1 0 0 0 0 0])
  ("1883" .
   [1 0 0 0])
  ("9000" .
   [1 0 0 0])
  ("qwerty" .
   [1 0 0 0 0 0])
  ("ANDROID_HOME" .
   [0 0 0 1 0 0 1 0 0 0 0 0])
  ("null" .
   [1 0 0 0])
  ("apply" .
   [1 0 0 0 0])
  ("Math" .
   [1 0 0 0])
  ("max" .
   [12 0 0])
  ("assertEquals" .
   [0 0 0 0 0 0 0 0 0 1 0 0])
  ("isExist" .
   [1 0 0 1 0 0 0])
  ("in" .
   [2 0])
  ("this" .
   [2 0 0 0])
  ("solver" .
   [2 0 0 0 0 0])
  ("test" .
   [5 0 0 0])
  ("Example0" .
   [0 0 0 1 0 0 0 0])
  ("900000" .
   [1 0 0 0 0 0])
  ("478478" .
   [1 0 1 0 0 1])
  ("TimeRegexPrint" .
   [1 0 0 0 0 0 0 0 0 0 0 0 0 0])
  ("my" .
   [1 0])
  ("TimeRegexMatches" .
   [1 0 0 0 0 0 0 0 0 0 0 0 0 0 0 0])
  ("seconds" .
   [2 0 0 0 0 0 1])
  ("minutes" .
   [2 0 0 0 0 0 0])
  ("hour" .
   [1 0 0 0])
  ("sub" .
   [1 0 0])
  ("minutes_2" .
   [1 0 0 0 0 0 0 0 0])
  ("hour_2" .
   [1 0 0 0 0 0])
  ("time_2" .
   [1 0 0 0 0 0])
  ("minutes_1" .
   [2 0 0 0 0 0 0 0 0])
  ("hour_1" .
   [2 0 0 0 0 0])
  ("time_1" .
   [1 0 0 0 0 1])
  ("ARG_V" .
   [1 0 0 0 0])
  ("fpath" .
   [1 0 0 0 0])
  ("lang" .
   [2 0 0 0])
  ("infoJSon" .
   [2 0 0 0 0 0 0 0])
  ("infoJSStr" .
   [1 0 0 0 0 0 0 0 0])
  ("clients" .
   [0 0 0 0 2 0 1])
  ("target" .
   [2 0 0 0 0 0])
  ("done" .
   [1 0 1 0])
  ("for" .
   [2 0 0])
  ("100" .
   [1 0 0])
  ("wget" .
   [1 0 0 0])
  ("alias" .
   [4 0 0 0 0])
  ("/Library/LaunchDaemons/org.jenkins-ci.plist" .
   [0 0 0 0 0 0 0 0 0 0 0 0 0 0 0 0 0 0 0 0 0 0 0 0 0 0 0 1 0 0 0 0 0 0 0 0 0 0 0 0 0 0 0])
  ("/Library/LaunchDaemons/" .
   [0 0 0 0 0 0 0 0 0 0 0 1 0 0 0 0 0 0 0 0 0 0 0])
  ("/Library/" .
   [0 0 0 0 0 0 0 0 1])
  ("index" .
   [2 0 0 0 0])
  ("path" .
   [3 0 0 0])
  ("isa" .
   [1 0 0])
  ("post" .
   [1 0 0 0])
  ("params" .
   [1 0 0 0 0 0])
  ("get" .
   [1 0 0])
  ("URL_SEND" .
   [1 0 0 0 0 0 0 0])
  ("uri" .
   [3 0 0])
  ("Net::HTTP" .
   [0 0 0 0 0 0 0 0 1])
  ("new" .
   [1 0 0])
  ("request" .
   [1 0 0 0 2 0 0])
  ("data" .
   [1 0 0 0])
  ("http" .
   [1 0 0 0])
  ("end" .
   [1 0 0])
  ("../aluuubumbum/aluuubumbum" .
   [0 0 0 0 0 0 0 0 0 0 0 0 0 0 0 0 0 0 0 0 0 0 0 0 0 1])
  ("title" .
   [1 0 0 0 0])
  ("date" .
   [1 0 0 0])
  ("2013" .
   [1 0 0 0])
  ("body" .
   [1 0 0 0])
  ("GROUP_ID" .
   [1 0 0 0 0 0 0 0])
  ("File" .
   [4 0 0 0])
  ("dirname" .
   [1 0 0 0 0 0 0])
  ("__FILE__" .
   [1 0 0 0 0 0 0 0])
  ("styleList" .
   [3 0 0 0 0 0 0 0 0])
  ("join" .
   [3 0 0 0])
  ("listDir" .
   [2 0 0 0 0 1 0])
  ("versionFile" .
   [1 0 0 0 0 0 0 0 0 0 0])
  ("styleListFile" .
   [3 0 0 0 0 0 0 0 0 0 0 1 0])
  ("stampSetListFile" .
   [1 0 0 0 0 0 0 0 0 0 0 0 0 0 1 0])
  ("print" .
   [3 0 0 0 0])
  ("time" .
   [1 0 0 0])
  ("function" .
   [7 0 0 0 0 0 0 0])
  ("fromAmount" .
   [3 0 0 0 0 0 0 0 0 0])
  ("toAmount" .
   [1 0 0 0 0 0 0 1])
  ("toCapacity" .
   [0 0 0 0 0 1 1 1 0 0])
  ("return" .
   [7 0 0 0 0 0])
  ("var" .
   [7 0 0])
  ("fromId" .
   [3 0 0 0 0 1])
  ("pour" .
   [1 0 0 0])
  ("bottles" .
   [5 0 0 0 0 0 0])
  ("toId" .
   [3 0 0 0])
  ("capacities" .
   [0 0 0 0 1 0 0 0 0 0])
  ("result" .
   [2 0 0 0 0 0])
  ("dict" .
   [18 0 0 0])
  ("values" .
   [9 0 0 0 0 0])
  ("first" .
   [1 0 0 1 0])
  ("second" .
   [3 0 0 0 0 0])
  ("countUp" .
   [3 0 0 0 0 1 0])
  ("value" .
   [14 0 0 0 0])
  ("_JOB_NAME" .
   [0 0 0 0 0 0 0 0 1])
  ("_BUILD_NUMBER" .
   [0 0 0 0 1 0 0 0 0 0 0 0 0])
  ("_BUILD_STATUS" .
   [0 0 0 0 0 0 0 1 0 0 0 0 0])
  ("8082" .
   [1 0 0 0])))
